304
185
126
3
210
100
123
96
180
3
89
254
27
290
142
278
85
172
156
4
64
29
98
79
141
161
71
133
191
215
162
151
151
162
52
94
167
254
270
61
42
21
188
159
41
205
257
137
53
83
159
167
79
94
5
178
49
56
247
202
286
97
182
269
251
237
250
75
142
148
257
114
20
68
82
155
302
151
160
235
106
231
134
253
25
232
293
23
257
62
59
41
32
16
270
264
67
290
26
38
267
234
66
229
131
210
23
168
277
284
172
289
217
220
203
287
107
128
216
281
33
61
129
236
300
55
272
149
291
280
106
172
99
273
190
267
44
133
154
67
68
42
209
275
18
110
15
158
162
112
148
43
237
186
173
206
196
24
12
195
83
51
282
60
230
6
125
169
123
260
121
167
34
279
238
261
2
80
183
53
304
93
11
279
128
292
164
77
97
66
15
216
175
174
208
170
189
191
283
69
226
189
264
260
124
164
24
32
26
242
231
262
73
207
303
107
21
65
37
286
180
30
31
277
218
169
154
107
266
13
72
146
58
87
115
2
108
167
43
130
214
62
145
224
20
149
57
258
192
211
176
258
243
184
100
52
31
259
204
101
96
92
63
223
158
176
264
103
17
85
118
278
205
266
136
225
171
54
134
152
150
127
83
241
116
84
269
97
182
84
110
304
249
25
12
5
175
230
117
28
241
178
246
11
241
166
187
276
72
245
46
236
169
284
212
223
154
238
6
123
247
54
231
251
166
90
132
259
116
95
23
247
42
255
135
186
168
46
295
8
196
126
197
36
230
253
64
240
50
200
75
220
235
74
184
236
240
68
40
97
26
120
291
255
170
136
195
43
10
147
166
65
11
190
273
28
51
252
55
129
76
17
280
219
151
178
141
272
242
24
113
160
13
75
53
215
163
130
266
1
261
211
41
108
12
49
79
203
92
222
206
185
119
137
218
27
144
294
228
50
205
27
238
237
46
60
300
76
229
91
37
139
121
244
9
297
118
233
136
138
3
185
199
298
7
92
127
49
179
149
78
84
80
95
179
194
276
57
193
209
91
256
134
22
132
127
66
115
9
10
55
103
268
34
102
193
83
119
41
66
137
246
81
117
229
190
112
73
147
47
32
104
228
77
268
234
262
224
8
147
39
265
213
26
57
235
90
45
111
221
243
45
48
224
47
181
226
113
193
45
125
176
251
139
105
279
48
86
20
274
103
7
190
117
4
205
286
124
64
135
108
256
201
234
232
271
85
39
79
47
202
51
269
165
29
296
263
225
260
161
301
88
214
207
120
17
67
219
233
156
107
275
100
96
248
73
126
104
113
59
78
138
150
204
211
16
5
70
19
35
296
252
166
4
44
16
51
122
194
295
140
261
201
55
259
63
153
160
43
195
300
202
99
120
56
94
90
103
62
143
130
187
202
210
198
174
44
163
276
80
145
144
59
58
299
254
241
14
109
52
292
193
67
170
303
294
174
40
192
174
123
8
100
1
33
42
227
89
228
227
188
72
297
177
27
243
110
122
29
148
36
69
255
244
204
135
112
131
63
86
298
129
293
119
6
200
140
301
162
20
150
7
256
290
89
194
140
124
118
215
239
99
173
163
98
177
303
61
142
65
239
263
222
282
272
78
30
136
109
161
86
56
153
22
157
163
24
148
25
110
39
299
211
221
91
76
266
248
29
98
133
61
84
106
288
287
40
135
283
220
298
101
168
71
31
111
57
213
37
217
175
281
36
171
137
272
197
285
212
239
218
14
122
244
65
228
249
141
18
196
101
18
81
69
155
253
104
173
128
192
144
34
115
203
50
102
281
154
183
88
207
198
146
10
232
138
183
48
146
227
250
263
19
206
200
274
188
171
223
28
181
77
181
88
125
131
95
177
189
7
134
208
239
229
13
188
87
280
94
201
178
185
82
217
182
218
53
74
275
2
186
213
40
187
226
152
289
258
126
221
102
25
14
180
114
16
71
209
38
52
249
175
244
265
109
106
70
216
95
214
247
165
2
173
17
78
165
199
38
222
105
4
119
191
242
23
116
45
273
93
237
191
105
268
124
6
132
289
153
271
143
226
156
101
158
15
21
177
270
278
225
13
143
139
9
141
121
159
233
120
248
74
114
96
102
81
138
90
58
68
76
159
227
117
82
50
216
285
222
93
288
152
157
249
140
212
219
70
56
35
144
197
111
240
19
271
232
30
230
267
147
283
35
198
157
155
145
224
87
179
164
62
168
21
252
74
33
203
22
33
181
1
246
60
245
209
199
184
197
171
54
