180
74
104
176
99
64
69
102
166
162
141
174
107
138
50
14
3
49
119
17
58
63
151
5
58
98
44
173
70
14
115
172
135
14
114
173
22
78
108
32
23
120
129
100
171
19
112
96
116
123
46
140
102
166
25
46
8
150
87
64
94
4
59
119
154
57
61
29
68
41
149
117
16
164
42
165
124
58
128
157
73
85
55
122
107
27
75
107
4
116
31
43
101
101
3
150
49
7
79
137
52
74
80
92
35
6
97
26
166
68
12
26
84
71
21
106
25
101
164
158
16
2
37
126
99
77
113
112
107
102
12
50
170
56
24
91
10
118
70
177
65
24
164
59
117
143
139
127
9
35
69
36
77
110
121
12
138
41
68
133
73
67
148
157
51
131
45
39
51
124
28
127
1
85
36
178
178
3
67
45
59
50
150
12
99
70
61
111
140
65
6
90
71
56
125
86
109
59
142
72
40
120
172
98
106
166
44
28
138
113
42
15
81
163
134
112
93
39
116
118
152
26
94
91
22
35
67
137
155
121
177
53
6
72
76
45
29
10
31
60
18
40
74
26
3
88
38
37
11
96
145
19
59
27
128
52
33
60
96
18
27
54
156
15
62
131
131
9
5
41
43
106
18
11
170
27
96
136
31
45
23
141
84
12
97
1
139
21
48
36
76
92
77
137
95
111
63
123
165
139
104
132
53
137
58
115
95
40
168
174
147
171
47
24
120
110
80
102
117
51
29
151
10
30
46
16
124
103
145
57
93
54
146
87
32
168
5
85
72
148
159
95
174
32
150
125
126
169
103
40
164
54
60
146
108
155
164
80
173
156
100
56
78
92
15
78
180
149
13
134
17
152
38
70
175
77
176
13
40
170
175
168
74
122
61
18
100
19
27
149
132
54
82
8
46
21
90
119
122
49
147
17
171
162
56
85
34
113
37
70
82
30
167
68
135
8
37
108
86
111
153
24
60
71
134
51
75
161
136
71
163
25
33
160
114
53
144
37
140
5
32
53
123
136
158
58
132
39
144
52
180
169
153
157
61
49
50
161
61
176
98
31
89
13
107
108
43
101
104
152
41
159
97
20
14
160
73
69
179
137
128
2
169
158
146
72
96
141
95
90
44
66
129
78
82
36
33
27
69
63
54
30
73
104
132
23
3
26
126
72
38
32
66
4
23
125
81
148
64
144
131
49
133
95
21
2
173
130
34
88
37
138
129
169
103
91
99
118
81
87
124
2
110
60
124
93
4
110
99
31
25
83
65
94
22
135
62
83
57
52
122
110
39
125
115
78
114
3
18
163
16
95
22
140
162
64
134
83
83
84
1
160
42
10
20
122
58
105
113
154
77
103
111
7
68
16
152
71
133
120
66
135
125
10
48
128
85
7
98
163
117
94
174
20
103
20
116
21
120
158
29
159
176
126
56
147
1
106
75
24
132
90
47
36
175
78
50
23
117
148
51
48
97
86
88
52
34
11
34
91
132
48
153
93
35
100
65
116
98
53
79
151
109
94
130
168
7
115
40
123
82
79
142
121
53
151
126
42
55
35
1
20
97
90
17
35
134
64
5
112
140
168
161
8
143
42
62
142
21
121
12
47
155
167
111
118
17
28
144
143
47
50
29
84
108
24
109
105
38
10
159
44
133
129
44
49
45
38
96
152
87
157
167
134
92
172
59
142
117
62
67
30
118
9
9
75
162
104
82
131
6
158
63
92
15
5
11
82
25
149
8
167
98
139
156
64
104
127
55
32
114
135
115
159
13
93
154
178
116
24
145
86
133
88
31
25
60
155
13
1
137
165
166
54
64
23
99
84
89
18
30
6
129
19
119
41
28
140
76
172
73
38
160
38
44
167
29
156
72
88
11
81
48
101
102
7
145
46
51
84
91
91
109
152
175
142
143
146
105
89
69
119
8
152
10
94
2
89
125
43
41
70
81
105
63
107
55
26
42
11
163
57
114
151
3
86
136
179
76
74
56
28
101
20
57
106
14
139
150
137
46
165
62
153
130
90
62
124
18
79
156
105
128
80
81
118
128
113
174
77
89
55
112
108
173
97
141
47
54
7
109
75
177
88
76
146
92
47
161
147
154
155
39
79
64
63
154
57
77
68
30
4
147
9
28
179
61
49
114
37
76
110
127
127
130
102
136
140
147
13
139
175
106
144
60
45
100
130
67
121
138
103
48
86
151
33
26
148
19
115
143
72
33
16
33
162
145
105
22
80
133
15
171
76
65
87
9
66
176
19
83
171
69
74
43
149
123
34
66
58
39
