26
19
3
4
3
3
12
11
20
4
8
9
19
14
26
19
16
10
9
24
7
4
1
18
16
20
6
2
18
23
6
11
12
5
18
12
12
12
20
9
17
22
5
20
26
6
24
4
17
23
13
13
7
21
13
4
15
7
13
5
4
17
20
8
23
9
6
8
21
10
8
4
16
16
19
16
25
7
22
15
10
22
18
12
6
4
4
18
2
21
2
6
9
18
8
9
1
21
14
19
22
13
13
16
6
17
11
1
21
14
7
12
5
3
14
9
11
18
7
9
17
4
7
5
12
10
14
19
6
2
16
21
4
5
19
9
8
8
15
7
20
14
9
15
16
6
18
4
3
16
25
22
8
23
16
9
18
10
14
26
17
20
8
18
20
6
13
20
9
8
6
4
6
25
25
13
19
6
14
26
20
11
10
21
3
6
3
3
2
4
2
12
11
5
11
22
16
15
9
9
7
19
13
11
10
18
8
2
3
10
12
4
15
12
17
13
3
8
8
22
22
24
2
1
8
15
25
1
3
9
6
4
14
9
10
4
3
3
3
13
10
12
1
18
2
6
10
12
22
8
23
22
18
16
17
18
16
15
15
3
5
19
20
5
2
5
13
10
21
22
18
15
9
21
16
9
20
15
19
24
15
24
1
21
12
9
18
17
3
15
1
15
4
22
17
15
1
3
12
10
2
5
9
6
4
17
22
19
12
18
11
11
10
16
8
11
17
21
15
8
16
6
2
18
4
5
2
19
10
18
11
13
12
8
1
26
3
6
23
16
15
10
1
12
25
24
20
19
26
6
8
26
5
22
12
22
10
13
14
16
12
10
15
19
13
17
26
5
2
14
15
13
17
14
13
2
4
14
7
5
8
17
16
11
1
3
8
7
17
17
8
14
2
20
12
17
14
1
12
24
21
2
11
13
8
23
4
24
26
23
24
13
10
3
8
13
6
5
9
10
4
6
1
5
12
20
25
20
2
24
3
4
15
18
9
2
20
19
8
23
12
6
22
14
4
14
15
8
6
16
14
24
1
17
1
20
11
19
1
16
21
20
10
21
5
2
3
2
1
18
8
8
14
25
19
7
6
23
22
2
4
2
10
3
23
17
1
17
5
15
20
12
21
25
24
21
10
6
26
13
23
25
24
24
14
3
22
17
5
7
8
9
1
25
20
24
15
7
10
19
17
4
20
21
25
8
4
17
18
5
16
21
11
3
6
9
8
16
3
3
9
10
9
15
23
9
12
3
11
7
11
17
15
7
1
2
9
2
4
19
21
12
14
15
21
6
7
18
14
5
22
16
13
23
8
11
16
14
14
14
12
22
4
23
1
18
11
1
4
7
10
13
15
16
9
24
21
3
13
3
13
9
15
16
4
12
21
5
25
7
20
4
19
6
11
13
13
10
11
16
10
11
18
17
1
6
10
6
20
23
11
2
14
6
21
19
15
11
14
7
13
22
24
6
2
1
5
9
18
9
7
11
7
21
15
8
21
8
6
20
18
1
11
1
24
4
3
24
22
7
5
24
1
21
2
21
7
5
3
24
12
23
25
19
7
4
25
4
25
1
2
18
8
12
4
2
19
24
15
2
22
16
25
5
25
22
7
21
4
5
19
18
4
3
13
7
17
18
25
6
26
26
20
9
7
12
5
14
7
22
13
15
13
23
24
17
11
9
18
19
5
11
17
1
10
12
5
3
22
21
18
9
14
19
18
2
13
10
14
17
23
3
23
13
14
12
20
8
11
13
20
21
26
3
10
1
20
15
21
17
16
20
16
3
2
14
23
6
15
8
18
11
5
11
10
6
10
20
24
23
25
20
1
18
18
17
11
7
15
9
15
23
13
13
14
9
19
8
24
25
1
16
16
2
10
17
12
1
19
19
12
1
10
7
2
8
14
22
7
4
16
7
19
3
10
21
18
9
18
20
24
23
16
5
17
3
1
2
1
14
11
17
8
7
7
10
22
26
13
2
12
9
1
7
12
12
14
22
14
5
18
6
11
4
26
22
4
20
7
19
1
6
6
13
12
5
18
12
1
4
11
15
6
2
9
17
3
13
10
8
22
16
2
12
1
25
24
10
7
2
26
19
6
9
21
15
13
24
3
1
2
26
9
17
25
2
14
19
20
2
4
15
11
15
11
25
23
19
22
5
17
10
4
10
22
7
23
22
3
13
11
21
22
18
25
5
23
21
3
10
7
5
18
5
15
19
20
20
22
21
12
22
19
5
8
8
11
16
4
14
16
6
8
14
20
8
22
5
24
12
23
