114
69
114
20
55
44
71
69
61
22
20
5
10
66
37
104
36
44
23
1
47
48
7
76
76
53
59
26
43
11
108
20
63
17
27
48
4
13
45
70
39
55
45
82
88
85
54
69
10
19
94
65
90
66
17
51
6
104
94
101
80
29
86
66
19
42
54
47
30
81
58
48
38
97
110
53
93
19
84
68
39
8
78
6
16
29
60
82
81
51
54
97
31
64
39
34
50
23
34
109
20
57
19
55
57
73
60
91
72
96
1
3
69
88
67
77
54
23
15
111
88
44
108
78
57
53
2
38
70
29
31
79
88
79
78
39
91
96
108
13
77
50
100
27
27
59
1
1
25
64
6
84
17
4
42
15
95
46
12
90
27
113
74
100
112
75
28
87
86
69
16
104
38
41
71
30
109
27
95
89
34
6
40
112
109
85
24
2
72
57
72
56
35
24
102
91
86
107
25
41
97
16
52
94
86
56
8
40
101
58
62
22
72
56
80
56
56
30
36
63
35
99
79
100
4
45
83
47
11
76
50
99
96
30
62
69
85
41
14
59
16
81
12
84
106
80
74
3
94
14
84
29
23
7
5
92
28
24
105
89
60
23
19
52
65
66
75
79
86
32
47
57
34
85
87
59
47
102
100
106
80
40
68
53
51
27
107
31
71
92
39
83
21
2
69
101
95
79
95
81
16
79
41
89
67
106
18
15
58
17
9
43
14
106
8
28
41
98
70
1
85
58
92
66
93
53
7
26
107
98
7
109
21
103
60
21
64
3
88
75
109
96
25
62
26
103
10
52
5
28
5
50
104
27
24
75
33
12
42
101
36
5
46
43
104
87
39
65
48
5
92
92
89
19
73
10
103
114
62
71
14
74
95
16
7
18
61
22
48
11
15
53
35
102
35
29
44
37
24
58
51
112
44
77
19
84
31
76
33
68
99
40
20
52
57
102
107
82
85
35
35
65
48
55
52
72
59
14
73
55
13
37
47
63
91
53
49
73
78
3
23
49
3
77
85
101
1
3
32
109
96
26
106
9
101
1
18
61
72
61
37
3
12
59
103
111
90
54
11
100
22
12
11
30
12
42
112
51
47
76
57
33
96
13
93
9
71
14
41
11
43
78
108
9
61
5
87
76
90
86
87
33
63
34
113
32
78
67
37
46
82
94
70
36
91
53
52
67
11
7
84
10
82
21
34
102
45
98
4
41
22
76
21
37
41
109
75
78
41
79
37
27
101
6
80
98
86
99
41
8
13
103
63
25
25
83
110
81
107
32
48
24
17
88
2
23
77
108
74
56
79
48
27
36
98
113
101
97
29
112
28
105
10
50
104
44
41
6
70
2
79
110
16
94
44
74
38
65
21
66
55
22
82
66
30
50
13
18
101
95
23
89
99
113
44
82
99
43
15
96
15
51
18
32
51
22
4
89
111
31
6
54
2
83
74
4
71
53
42
24
36
32
17
31
2
15
36
63
62
67
65
7
63
49
5
2
92
100
83
48
110
56
45
28
9
68
73
16
114
90
18
70
28
81
105
38
33
12
94
62
18
28
7
111
46
102
59
11
93
90
60
35
108
80
32
29
89
47
20
57
63
24
29
21
73
49
105
55
18
15
15
5
18
10
9
43
34
26
14
58
87
84
65
20
67
48
1
73
60
13
4
63
83
10
16
77
75
111
12
40
35
29
64
49
48
113
32
1
58
17
9
75
49
64
41
35
46
40
68
13
100
19
54
9
50
88
44
98
31
8
53
7
90
72
51
60
8
60
80
25
46
13
84
34
70
32
19
113
89
63
106
67
2
29
49
55
14
76
15
3
77
11
74
106
107
58
25
1
38
36
105
26
36
57
74
72
39
42
3
49
27
68
40
10
84
61
37
82
38
103
95
31
97
81
4
21
97
70
19
60
107
42
71
66
69
75
111
93
6
30
78
105
22
26
59
85
91
56
7
55
30
33
67
73
46
68
71
108
37
42
28
83
8
26
42
71
47
62
62
103
110
3
50
4
26
61
77
43
65
22
74
66
36
52
5
45
96
33
24
99
5
9
62
80
20
45
52
40
43
78
12
52
60
42
43
32
98
8
81
80
24
5
46
33
93
15
49
102
100
56
13
4
64
58
22
40
17
64
28
110
13
91
58
12
68
6
60
20
90
46
25
70
50
72
40
6
28
91
64
34
97
30
86
85
24
92
32
52
45
45
87
98
44
70
1
11
17
45
35
73
33
21
99
35
54
93
39
97
83
69
10
114
38
68
30
67
98
82
34
17
61
