68
54
2
52
28
6
11
39
17
63
6
37
5
4
8
66
18
65
10
5
15
57
41
5
56
52
49
4
41
8
10
25
50
61
27
56
36
67
49
34
52
40
8
12
53
30
8
62
11
42
10
64
13
30
31
64
42
55
59
27
25
53
28
41
41
39
24
27
13
63
45
21
59
38
11
49
31
8
33
32
3
38
9
59
5
24
25
58
15
48
65
14
16
6
1
22
31
16
8
55
40
58
7
53
11
26
65
61
21
60
47
66
13
37
39
22
32
10
33
6
30
40
32
40
27
37
12
60
44
32
1
34
54
61
20
27
43
5
53
52
28
16
7
41
22
27
4
31
35
28
12
26
10
36
5
51
9
2
49
49
36
20
35
42
3
36
26
3
31
44
58
8
20
33
4
14
46
9
66
48
10
25
62
8
40
46
47
46
62
58
32
45
33
36
44
64
55
30
18
35
47
14
17
51
35
26
20
25
30
28
8
33
1
23
42
17
15
48
57
1
7
60
17
60
31
9
33
56
42
36
34
20
31
4
28
56
40
60
49
6
25
22
36
16
65
3
17
29
8
20
3
46
22
14
37
65
15
16
47
37
21
67
31
20
28
34
2
38
31
50
7
44
17
55
52
55
18
29
8
55
64
30
56
18
41
57
3
16
48
39
40
62
6
13
27
59
44
30
42
15
57
14
32
49
37
56
5
27
13
2
67
39
35
23
1
28
13
1
46
50
2
21
8
17
18
64
10
2
59
12
9
10
38
52
15
45
46
32
18
60
37
7
39
24
43
25
66
46
30
22
38
24
54
24
8
7
50
35
40
19
63
10
42
50
33
56
37
3
35
17
16
46
28
4
43
9
39
16
17
14
16
45
27
47
3
1
57
52
23
42
42
46
50
15
51
34
19
48
24
22
63
49
14
3
12
28
42
36
14
48
39
32
51
6
2
56
58
13
23
43
22
17
49
65
30
7
16
54
54
4
31
4
45
35
38
32
13
46
29
27
29
29
9
50
49
2
61
52
25
41
12
23
26
11
10
24
25
11
9
16
20
38
48
24
29
9
47
29
22
28
35
11
25
1
61
26
52
42
41
64
36
51
51
35
23
61
54
21
7
27
42
40
19
38
44
39
14
6
62
10
22
4
7
6
40
56
49
8
17
1
43
62
34
45
42
61
14
34
37
41
25
48
15
41
13
58
56
62
24
41
38
29
58
6
10
49
26
51
2
67
45
18
52
44
9
12
38
54
21
22
19
9
22
66
38
60
21
15
2
50
47
7
6
43
62
7
5
62
50
32
39
51
22
34
23
64
31
18
62
20
47
33
37
1
13
26
10
59
11
11
9
12
4
36
27
28
43
31
36
48
13
22
44
2
4
5
64
5
59
40
32
47
11
29
55
3
17
44
2
28
34
68
7
42
39
44
55
9
59
34
5
53
63
7
6
44
14
33
53
59
20
4
15
8
48
44
9
12
29
10
32
12
24
20
51
20
51
34
7
47
25
48
56
23
15
16
9
38
30
18
33
7
5
25
45
8
3
4
41
24
19
31
18
45
10
21
57
27
52
59
11
24
49
21
37
49
11
14
35
64
25
6
15
10
20
6
36
2
34
23
21
50
66
20
53
60
5
27
17
57
29
59
27
28
55
40
57
50
19
13
23
17
32
64
57
24
65
19
39
27
37
64
45
65
41
52
60
56
65
19
5
57
1
42
58
53
49
43
12
23
16
33
2
28
48
43
56
35
14
51
47
60
36
56
37
61
15
53
5
42
48
23
28
65
58
54
43
57
21
26
58
30
18
2
13
26
23
10
52
35
1
44
40
28
51
2
29
40
54
21
21
42
32
45
51
12
65
21
32
47
67
25
46
43
43
12
59
29
50
3
43
43
15
67
29
57
18
66
44
25
16
55
48
1
4
29
53
27
63
23
3
46
22
48
37
63
58
15
64
26
13
35
39
12
19
26
19
17
26
45
11
62
68
34
66
55
31
59
30
36
60
33
43
12
39
39
43
44
57
14
48
45
7
7
19
50
23
13
11
6
8
19
53
24
3
59
19
34
3
51
47
18
45
18
61
16
26
19
54
3
50
54
52
50
26
47
15
45
24
17
57
21
28
16
26
12
68
61
23
27
63
19
25
67
60
3
16
61
5
30
26
11
14
62
19
9
55
45
14
46
55
44
21
18
21
22
11
38
1
23
24
26
41
20
62
35
2
30
13
63
53
54
17
53
38
54
1
24
39
37
63
33
18
1
63
41
38
14
13
30
63
