38
15
34
9
34
16
36
33
29
28
6
19
26
1
22
16
19
31
32
17
32
33
26
24
4
4
28
14
7
28
4
17
15
6
16
15
5
33
13
28
25
23
14
26
26
20
29
2
25
24
38
5
19
20
21
3
13
10
21
28
1
36
8
30
3
19
30
17
22
13
10
18
23
14
10
33
9
11
11
37
18
32
21
2
15
12
18
18
37
6
3
8
22
35
36
23
20
31
27
7
7
5
21
23
20
13
10
24
2
6
2
4
5
2
26
6
32
6
19
24
22
2
25
29
8
20
18
27
6
16
5
36
7
30
34
5
37
34
20
1
11
35
22
5
32
22
5
12
14
21
38
3
4
3
1
10
34
9
17
16
31
10
13
17
33
31
20
28
8
26
17
24
23
30
11
12
12
13
35
9
11
5
3
8
2
1
23
18
24
13
23
9
19
14
36
25
29
27
11
4
1
20
17
18
33
24
13
25
7
27
15
20
7
30
13
22
8
15
18
25
31
26
3
16
19
14
37
8
4
4
15
30
35
27
11
9
12
35
16
2
12
10
1
29
21
17
25
31
14
10
7
