92
62
54
48
40
63
53
25
81
34
8
43
40
15
50
64
75
63
33
59
65
10
30
67
18
12
51
1
45
21
73
8
66
24
26
32
27
62
68
23
10
89
68
70
80
4
82
23
35
73
25
38
28
28
31
86
21
43
35
51
53
11
60
56
39
12
6
64
78
18
3
29
2
2
34
6
54
88
7
36
42
3
44
72
27
5
43
47
31
79
71
50
79
11
87
85
41
29
6
16
24
57
49
7
23
77
71
85
67
19
84
11
61
64
68
9
37
67
51
73
91
17
72
14
18
83
41
10
53
12
36
80
60
27
30
63
26
22
92
41
86
69
76
74
58
81
46
80
23
39
65
9
5
14
39
50
15
47
58
61
60
8
74
70
70
40
49
16
46
2
42
37
49
13
58
65
78
17
81
4
9
75
33
71
51
24
26
44
47
56
88
20
37
52
6
38
48
47
82
83
19
22
14
20
56
76
32
19
69
54
72
3
38
5
45
17
33
7
57
85
69
4
25
66
45
34
20
84
31
87
84
90
21
1
44
77
13
28
74
79
55
57
61
59
29
52
3
55
75
30
35
