22
12
19
6
1
12
13
16
14
5
4
18
12
9
12
8
19
5
3
4
17
5
8
19
18
8
10
22
20
5
19
12
19
21
18
18
5
20
10
20
4
10
14
21
21
7
16
15
3
13
16
11
4
6
21
7
16
16
19
20
6
13
12
17
10
2
11
3
1
7
8
11
15
14
5
2
3
20
12
16
7
9
18
11
14
5
20
19
17
10
1
5
4
9
8
7
17
16
6
4
14
22
11
10
14
15
1
3
10
1
17
4
11
15
16
10
19
8
15
20
17
2
17
3
12
13
13
17
10
16
10
6
8
2
13
17
5
9
9
6
18
12
3
13
11
15
6
21
19
1
15
4
21
18
10
6
4
21
8
15
13
6
21
3
5
16
18
18
19
14
1
1
4
11
16
11
16
17
17
1
14
10
14
22
13
7
9
2
12
6
5
15
6
5
20
7
2
15
9
2
4
12
19
6
8
11
15
6
9
7
7
8
22
17
14
3
13
9
10
20
21
8
3
14
3
7
18
2
7
15
9
4
5
9
2
4
6
13
3
1
11
8
1
8
16
12
13
22
8
14
2
