56
49
51
22
23
10
16
22
6
44
25
38
30
4
46
10
13
54
45
26
52
21
6
41
17
12
9
1
31
35
52
50
28
27
2
39
16
33
18
21
49
37
23
46
53
54
28
33
31
51
29
44
1
11
27
40
48
30
13
10
40
53
47
50
3
12
10
37
15
35
45
42
25
40
52
16
14
34
40
44
41
6
8
28
15
38
16
5
42
42
29
40
23
52
14
18
32
35
11
11
4
27
54
41
17
34
20
14
13
20
11
36
37
44
45
54
33
27
4
45
5
28
11
3
7
37
55
55
38
24
26
1
55
35
25
39
17
43
30
47
33
43
48
36
10
2
32
2
51
24
18
15
2
27
36
31
32
9
34
39
7
6
47
26
29
36
19
4
8
29
22
18
19
42
49
24
15
22
38
3
8
30
49
53
19
21
47
34
7
33
20
44
55
20
43
35
2
12
9
12
5
41
7
24
1
48
37
9
39
54
19
5
14
8
18
13
44
25
21
3
32
3
9
8
50
26
28
16
46
50
13
24
36
17
28
30
26
31
26
24
46
56
11
29
7
14
43
5
23
25
25
