65
31
21
35
41
46
28
47
27
48
12
53
13
53
36
48
15
7
43
23
41
30
26
41
10
22
37
8
38
8
48
31
12
2
27
2
9
34
2
21
25
10
10
42
14
11
53
25
36
20
51
15
58
32
7
13
23
23
56
24
62
27
36
9
28
32
43
16
29
3
54
51
29
63
8
35
34
11
2
24
12
61
22
31
31
37
8
52
3
36
58
33
33
33
19
50
7
6
16
22
14
34
55
18
61
13
47
21
57
18
49
18
29
29
39
15
23
8
20
48
2
57
25
26
9
42
49
3
36
27
56
40
57
20
9
58
31
7
41
58
25
21
53
16
9
19
38
4
22
51
9
31
21
59
45
55
3
27
50
53
45
1
50
49
18
46
21
22
32
15
12
20
63
48
35
37
4
24
37
9
40
43
54
54
25
4
59
1
61
48
41
39
20
38
58
30
34
1
59
23
32
55
59
47
65
48
60
4
19
16
52
59
35
61
24
28
35
60
46
33
38
24
26
5
38
19
40
46
32
26
45
24
50
13
55
42
45
56
54
18
11
44
52
57
7
49
55
37
62
30
31
59
54
23
17
26
35
41
49
19
36
2
11
21
21
30
12
58
20
52
52
48
26
5
6
29
6
1
4
3
26
38
42
52
34
37
53
27
57
36
36
56
47
25
27
5
25
40
55
39
16
10
50
44
16
63
45
56
18
2
19
62
44
8
17
47
14
4
5
27
23
46
36
16
46
13
13
33
1
17
39
12
25
13
38
39
12
28
11
20
20
24
16
28
15
11
19
43
23
2
43
39
1
30
19
5
42
8
11
64
15
40
3
60
64
14
11
15
21
51
10
28
43
38
38
7
32
34
35
39
33
5
30
32
17
24
5
14
64
30
37
32
4
47
28
52
44
11
14
14
3
46
6
42
49
6
27
37
18
20
1
60
8
20
6
8
29
7
50
14
23
3
64
1
40
40
17
63
30
56
17
40
50
13
28
3
33
63
22
41
54
44
62
43
10
14
6
10
31
22
57
9
7
11
56
35
7
7
29
18
16
54
43
41
42
4
44
47
51
41
42
51
2
60
17
44
55
57
29
43
44
15
61
44
18
34
19
59
62
49
5
22
60
5
27
58
58
13
47
45
12
