101
13
12
44
66
54
13
32
67
99
83
31
2
26
38
80
71
19
10
70
71
51
5
76
10
8
32
90
2
33
80
60
78
41
91
60
93
21
35
38
8
3
59
46
83
7
79
42
16
19
82
37
12
51
5
16
29
62
89
58
50
40
41
33
68
54
78
13
75
89
63
64
49
52
41
77
22
56
16
39
41
41
42
56
72
45
74
12
80
82
87
59
8
75
62
31
88
14
1
92
101
79
21
64
11
25
35
14
36
46
56
73
67
18
38
85
48
32
45
25
94
21
91
15
19
6
73
75
67
26
20
2
6
98
14
93
25
24
61
24
64
64
77
9
55
52
56
60
13
1
55
81
65
66
48
38
11
29
55
35
81
34
46
20
20
33
24
61
74
82
72
34
28
86
95
60
32
25
15
23
17
4
81
65
44
80
80
7
32
101
15
79
50
62
73
76
52
20
55
94
50
39
28
49
73
3
96
23
77
12
58
40
4
70
8
47
98
14
57
59
4
67
20
67
69
3
47
47
9
91
76
88
56
10
87
22
82
45
48
53
39
1
6
71
36
58
42
21
90
61
95
54
28
8
6
18
4
63
25
19
39
76
37
65
96
10
26
93
83
91
47
73
6
9
54
18
99
66
31
53
45
19
42
5
95
66
68
53
10
39
96
44
20
49
1
82
82
30
34
76
16
83
81
22
70
1
29
94
30
10
32
22
31
25
28
84
43
36
89
87
38
94
22
85
84
27
69
51
91
64
81
17
70
99
84
55
53
44
68
72
23
44
61
30
18
59
29
29
40
78
34
15
37
30
12
22
11
14
58
60
36
24
40
46
50
92
62
34
65
93
30
17
4
86
40
43
56
26
97
48
38
19
43
71
57
77
91
7
72
84
52
7
11
86
23
8
45
17
6
7
42
18
79
77
13
83
98
37
92
35
16
91
26
68
57
74
88
96
35
24
53
41
69
85
5
2
63
34
62
87
31
16
49
54
69
27
46
36
27
29
97
66
85
20
73
51
61
100
47
62
14
1
78
3
21
48
23
69
24
37
5
94
43
92
74
33
26
3
62
57
17
33
70
13
58
40
9
75
100
21
5
49
52
11
12
97
63
59
86
43
9
71
88
68
90
27
90
36
37
89
78
