16
7
1
8
1
1
3
9
11
3
3
16
4
12
8
9
2
4
10
9
13
7
1
5
6
10
3
11
2
6
16
12
9
10
15
10
13
8
8
13
7
12
8
4
2
9
2
3
4
2
14
5
13
9
6
10
8
8
13
2
10
8
3
2
5
1
1
6
8
10
12
6
10
13
8
6
16
14
10
4
3
9
1
7
14
12
15
8
8
9
11
12
15
3
5
8
7
8
13
15
12
8
13
3
4
10
6
5
14
12
4
5
12
4
12
11
5
11
10
5
3
13
13
8
8
5
7
2
8
14
12
3
9
6
1
9
6
2
10
8
4
10
8
8
1
5
16
5
4
7
11
1
14
1
4
9
8
15
9
7
2
1
10
13
5
11
14
16
2
2
14
3
5
11
3
8
6
2
11
6
15
13
8
2
16
10
6
12
12
13
7
1
16
13
5
3
8
4
5
5
13
11
14
10
10
15
8
1
6
15
1
7
5
7
9
8
8
10
2
6
9
3
6
5
8
11
6
15
11
7
4
3
4
13
7
2
6
9
7
4
11
15
5
6
9
1
14
5
4
10
3
12
14
12
2
1
7
7
7
13
4
5
7
14
14
10
10
11
16
12
3
9
1
11
2
5
1
15
6
5
13
5
14
14
2
11
2
9
14
13
16
1
14
4
4
3
7
5
11
6
15
2
9
4
5
6
11
11
6
14
5
4
10
9
11
12
12
12
10
2
9
1
9
7
7
6
13
9
13
2
5
4
4
10
14
11
4
6
1
13
4
8
1
11
9
10
4
2
10
9
3
10
12
10
6
12
2
9
11
7
13
8
11
3
11
10
4
6
3
4
7
7
14
11
1
11
3
7
15
2
13
13
13
12
8
6
4
11
6
11
2
3
9
7
12
6
10
12
7
4
3
3
11
13
6
5
13
6
4
12
2
1
4
2
7
2
1
2
14
9
7
3
8
7
7
7
1
13
12
7
14
11
3
1
13
7
2
13
4
1
5
9
5
11
5
11
12
3
7
9
12
6
9
12
2
2
3
6
1
10
8
14
10
14
3
5
1
14
1
8
12
10
13
6
13
9
14
1
3
12
8
5
15
5
2
9
4
6
12
1
9
16
3
1
13
12
8
10
1
6
6
