164
7
95
139
44
2
116
43
32
72
142
134
77
135
86
69
75
111
82
139
130
102
93
130
36
136
128
61
95
26
33
108
64
22
143
16
28
41
8
14
9
35
158
153
11
80
53
57
13
121
133
59
129
6
86
150
1
26
45
41
73
132
95
137
1
86
154
57
91
85
99
103
31
54
142
63
43
130
122
71
24
46
47
58
138
90
94
94
42
13
142
112
6
104
128
121
103
25
114
134
33
3
43
133
64
99
64
18
15
106
89
46
73
162
58
48
164
57
68
88
33
53
91
113
65
48
39
21
46
25
20
158
85
84
65
141
98
13
27
56
154
12
5
28
87
134
112
139
66
127
120
155
116
132
71
154
63
113
47
52
69
36
133
5
56
69
94
136
96
3
135
149
118
101
10
92
32
62
147
97
150
125
67
38
34
98
77
11
121
128
31
61
4
131
157
19
105
79
42
145
19
43
42
85
115
12
97
161
147
92
68
44
55
36
58
76
50
116
67
13
119
58
70
52
18
65
12
88
110
75
16
63
108
24
78
47
137
138
35
88
29
141
105
127
87
60
33
156
117
81
62
5
29
12
138
109
15
54
42
77
34
84
50
89
33
31
96
141
118
145
144
83
149
75
121
81
129
124
98
83
80
16
131
40
72
105
93
29
112
157
6
73
151
41
110
127
2
123
45
107
161
46
20
22
53
40
120
24
151
50
34
156
93
162
153
163
26
70
119
90
120
72
17
114
104
40
30
136
15
143
20
45
44
76
66
96
103
21
117
101
66
48
122
74
83
126
129
50
1
86
106
144
126
109
160
37
23
91
9
52
51
135
62
37
90
140
10
159
40
125
7
89
104
23
9
156
115
3
27
155
76
61
37
77
118
132
17
68
124
19
111
84
11
30
6
107
87
59
147
32
128
101
18
146
80
23
28
60
100
102
151
39
38
35
97
25
117
140
82
80
30
79
14
78
13
81
100
49
9
56
123
22
89
54
51
79
8
72
17
55
34
10
113
144
137
102
111
62
100
7
39
21
146
106
4
8
162
67
99
69
93
49
152
74
146
32
107
131
108
123
38
115
163
74
148
74
41
59
152
148
159
92
25
78
119
150
49
140
124
51
160
20
60
125
4
116
21
55
2
14
110
