39
20
32
32
33
21
6
2
38
9
17
22
2
14
9
5
31
5
22
6
11
6
25
19
22
24
31
27
13
11
16
25
23
36
10
27
31
25
21
37
21
3
27
29
4
6
6
23
26
1
9
36
30
11
27
34
9
13
30
12
11
36
37
28
2
17
32
9
18
16
13
26
3
33
34
7
20
2
33
2
33
14
34
15
4
37
14
13
36
13
26
3
25
20
13
1
27
30
21
37
31
7
4
24
18
3
6
32
30
31
20
13
8
29
1
8
15
24
24
1
20
2
9
8
20
18
14
15
18
35
5
31
26
10
14
23
21
12
10
16
11
21
10
23
19
7
33
1
32
22
3
10
30
4
6
5
16
11
4
10
11
19
33
5
12
24
20
29
37
19
21
32
27
23
38
26
12
19
15
10
8
27
13
23
17
12
9
25
12
5
9
39
10
34
3
5
15
2
17
21
23
1
16
20
12
15
17
30
29
12
1
3
18
10
33
24
18
4
31
28
18
30
23
7
2
22
35
2
26
35
10
9
38
17
7
4
29
29
35
17
5
31
37
30
27
16
32
15
36
5
25
10
12
14
16
4
29
4
4
28
14
18
27
11
25
32
5
34
35
19
23
9
6
29
17
5
30
22
20
13
12
34
34
10
33
27
3
22
12
6
11
7
7
14
15
4
26
15
37
24
28
10
23
33
34
9
2
13
3
22
6
20
11
8
1
12
1
20
21
25
24
11
2
2
17
18
9
5
27
27
19
8
36
19
13
3
28
18
26
20
32
12
36
8
18
12
1
30
18
5
16
1
7
16
3
36
36
17
25
32
7
6
28
34
19
15
22
35
28
38
13
12
22
38
36
5
13
16
26
4
28
12
17
7
5
19
30
11
8
31
31
11
37
7
25
1
18
28
8
3
3
26
22
10
20
27
19
14
33
6
21
2
27
11
10
7
20
21
29
14
10
1
25
14
21
32
14
16
3
18
34
6
4
28
6
28
34
9
25
14
19
9
23
31
4
4
19
32
32
15
24
20
35
22
29
38
23
7
6
17
23
5
37
8
8
18
30
31
5
28
2
11
1
35
8
6
16
21
1
24
29
15
22
8
24
5
16
29
26
2
23
3
18
27
19
10
23
15
23
35
14
